69 96 32 71 82 14 84 44 70 40 57 66 46 80 78 88 21 96 2 51 72 2 78 94 10 54 67 22 55 74 63 29 93 71 68 26 14 63 1 4 42 28 1 53 95 37 73 61 85 45 20 50 75 6 18 41 33 58 97 82 18 35 60 95 97 53 75 82 31 69 80 46 17 68 72 85 15 99 44 74 88 23 16 9 93 64 71 20 34 93 81 24 83 73 92 51 17 100 47 18 
33 30 71 75 90 54 90 50 87 64 35 26 43 93 65 99 18 27 92 98 23 53 34 88 94 92 68 20 67 67 62 60 52 25 62 41 86 6 33 88 46 94 48 66 2 94 50 2 57 71 84 66 58 1 3 75 46 98 51 81 88 6 78 23 2 30 94 87 48 66 11 84 24 14 63 57 16 28 32 64 64 83 58 65 68 39 100 98 39 6 92 84 65 36 97 16 81 38 96 82 
79 80 2 14 35 27 59 53 46 75 87 83 7 38 88 38 32 2 56 100 11 39 69 19 50 51 10 1 30 25 91 43 61 56 51 29 13 61 94 91 39 41 73 17 59 73 13 23 88 33 7 50 34 67 70 68 52 43 30 54 100 53 60 8 29 89 40 84 18 86 21 89 51 43 31 97 62 96 15 34 11 60 46 81 30 88 36 68 18 76 3 46 12 98 95 82 11 97 50 93 
90 3 93 51 4 6 57 76 90 32 10 62 9 70 4 27 81 34 31 15 98 77 70 46 2 94 39 32 93 62 96 88 22 75 17 17 99 16 58 46 87 76 19 53 43 67 33 1 18 94 32 14 42 9 82 4 14 31 44 87 70 5 29 89 90 10 59 86 27 70 94 71 19 28 44 70 76 21 26 46 51 74 38 97 62 100 21 71 86 28 4 64 44 50 56 62 18 86 92 6 
18 71 54 33 60 48 74 94 25 7 56 54 55 20 64 5 19 6 89 56 82 1 100 20 27 76 94 95 59 73 98 85 26 12 4 16 60 99 59 25 73 84 58 55 73 4 16 1 79 75 69 85 19 55 80 81 89 93 47 9 32 53 90 24 65 45 11 19 11 16 40 76 70 96 64 59 59 88 31 73 23 97 99 5 19 67 74 90 8 9 93 42 94 11 43 35 72 76 46 65 
49 1 70 36 31 33 68 33 78 9 22 37 87 35 48 31 95 7 64 25 81 44 17 87 31 9 92 85 53 21 50 84 48 60 67 4 8 79 2 81 59 68 13 57 57 73 41 41 41 21 34 93 60 8 57 19 8 52 100 76 78 43 44 54 1 19 74 8 1 69 34 94 39 28 100 92 36 41 49 17 44 96 81 18 2 24 44 45 75 6 87 75 14 66 37 54 54 23 73 66 
31 40 71 16 71 79 59 55 55 27 56 96 3 55 20 36 27 42 33 15 6 56 47 28 83 51 15 17 91 86 92 18 60 41 71 77 31 35 29 41 18 24 12 14 9 68 18 36 85 85 20 71 56 71 55 92 28 93 66 99 47 1 22 77 11 31 73 29 66 17 32 32 40 27 45 32 55 58 97 98 40 55 6 63 25 42 95 91 90 72 57 90 97 19 37 21 8 75 21 98 
94 41 73 96 40 77 8 42 77 34 27 96 6 60 63 35 37 45 37 24 20 92 40 78 37 98 27 18 66 20 37 44 81 18 88 72 65 35 85 33 6 19 35 74 2 30 90 37 100 12 58 8 24 94 25 92 12 87 38 73 83 2 88 69 45 69 86 17 20 66 73 62 37 47 94 70 24 46 48 3 94 76 41 8 42 4 57 29 62 32 99 13 5 95 100 62 84 3 47 74 
69 57 45 20 83 88 30 6 39 51 72 63 89 1 21 92 99 34 53 5 88 53 14 6 91 76 42 46 92 89 71 58 25 57 83 75 87 73 93 14 21 1 43 29 23 61 90 22 40 28 14 51 61 84 9 81 6 94 80 64 66 32 45 58 14 25 31 68 79 10 37 26 76 2 92 71 98 51 47 59 25 19 88 82 3 70 33 76 29 27 46 15 40 7 79 41 19 75 49 60 
22 99 6 37 21 53 68 34 64 5 68 35 91 64 73 52 21 96 61 83 37 30 60 44 33 81 90 68 34 33 45 19 27 89 80 19 26 1 46 54 23 3 4 96 32 77 80 54 8 96 89 40 44 99 24 21 88 77 59 84 68 94 83 50 16 18 9 48 83 91 52 10 71 82 89 22 41 84 5 72 68 72 61 27 91 61 5 33 2 28 27 75 1 84 54 40 26 60 38 56 
100 63 72 50 11 16 91 19 30 93 14 87 79 11 4 58 80 16 27 9 68 76 8 57 3 20 80 61 85 91 24 98 44 88 68 88 76 85 59 38 89 98 95 18 93 89 72 45 22 6 92 63 88 92 69 80 6 59 1 50 35 78 12 23 87 67 2 72 58 65 5 25 5 48 26 32 34 83 69 14 21 59 17 47 4 45 80 84 37 62 83 18 56 27 87 23 75 5 8 6 
96 87 87 33 58 36 63 61 2 21 77 93 53 31 37 13 69 36 66 51 25 43 74 13 36 99 89 35 59 15 59 49 77 52 63 46 37 86 33 96 77 66 56 61 5 85 6 67 17 56 31 39 2 2 69 54 96 69 29 44 42 44 42 90 5 66 35 54 96 39 78 24 71 29 21 62 53 40 23 67 83 68 38 94 91 96 53 15 20 28 21 90 22 7 95 79 30 60 6 97 
93 32 53 27 10 87 71 52 96 87 5 77 15 78 18 51 8 18 46 70 10 81 98 93 36 35 16 44 60 53 39 36 9 83 18 21 6 51 79 37 84 76 80 84 18 65 29 67 41 31 22 68 27 22 51 19 50 36 100 62 27 29 29 41 64 71 1 19 38 82 91 54 17 83 80 63 51 35 57 46 83 3 94 17 2 4 83 72 62 97 81 65 54 85 76 22 16 55 98 46 
68 47 43 91 59 33 80 44 75 80 84 79 46 67 54 89 29 31 79 62 34 71 85 25 91 46 80 62 13 47 96 3 96 37 9 51 95 64 71 94 97 92 19 7 100 18 28 9 58 89 37 35 100 100 39 50 67 98 11 95 48 85 47 95 90 22 64 81 26 3 21 71 92 80 91 29 23 55 17 10 42 36 70 16 5 61 29 100 19 21 81 67 35 42 75 45 43 50 95 71 
57 79 31 9 21 69 47 5 19 80 73 76 86 51 51 88 43 87 49 81 37 46 7 50 11 23 16 9 44 64 13 66 77 91 89 42 70 52 63 35 80 79 72 35 93 89 32 35 80 73 32 77 7 81 62 78 82 9 47 80 1 53 26 31 46 64 73 35 18 94 47 40 57 82 79 97 77 16 30 69 36 90 26 34 35 43 41 26 97 98 82 15 24 33 30 49 34 27 28 62 
11 57 14 41 65 73 53 9 77 74 84 31 59 28 99 59 21 59 41 90 12 31 68 12 16 48 70 78 43 12 98 81 1 42 30 74 95 57 35 93 16 89 87 72 69 69 30 65 95 5 10 70 69 65 91 49 95 73 72 100 31 32 92 86 13 20 3 9 23 49 1 70 19 9 13 73 16 27 86 62 46 9 15 37 60 75 84 91 31 60 61 4 62 60 22 57 82 90 90 81 
30 73 54 86 25 22 13 16 57 40 55 37 67 8 77 23 87 88 43 7 20 66 46 63 75 14 35 67 12 90 20 75 82 63 65 68 2 98 10 38 70 100 31 73 81 30 64 12 5 84 82 60 35 43 94 23 85 70 80 60 77 51 14 57 19 75 74 44 5 82 45 64 36 47 15 22 17 11 37 35 76 55 99 28 20 60 94 59 2 99 36 48 75 23 90 46 57 76 16 56 
97 62 38 22 20 25 40 95 9 9 92 53 63 63 59 44 62 66 4 62 13 41 89 33 1 87 80 95 32 6 89 26 97 1 32 74 72 55 53 75 5 80 25 37 16 8 87 56 10 94 31 34 86 97 92 20 56 66 46 67 77 86 34 62 11 94 61 40 97 58 17 53 2 22 11 30 27 52 22 95 93 90 23 56 90 95 84 62 28 85 65 3 89 2 52 92 45 38 22 17 
68 62 38 89 57 67 42 55 51 42 56 26 1 8 65 57 12 28 25 14 46 1 87 45 15 25 8 53 38 57 61 29 72 5 45 70 64 21 29 54 94 97 76 91 75 45 66 91 51 33 52 46 26 22 94 90 12 57 23 2 69 73 45 30 18 9 4 44 84 82 80 87 9 90 2 29 51 18 9 8 27 19 83 59 65 8 23 55 85 25 28 62 43 91 7 39 54 55 77 79 
89 10 36 61 71 43 74 20 35 7 59 82 17 35 80 58 88 100 6 90 10 8 42 35 39 29 98 90 59 45 20 22 75 79 50 14 92 13 14 32 26 84 81 47 41 19 94 89 30 56 69 68 75 57 84 96 89 98 86 37 87 63 91 59 48 85 98 47 12 42 58 75 65 61 33 21 30 21 27 85 92 2 3 33 91 90 75 75 67 86 30 77 42 5 25 30 5 60 95 50 
57 61 88 39 22 63 52 100 15 63 82 24 10 66 78 23 5 67 25 39 7 82 51 10 39 99 32 63 82 5 69 96 61 5 77 83 6 47 17 24 77 80 77 4 43 4 41 45 45 31 9 87 84 37 43 20 78 20 34 91 70 50 79 22 23 33 50 90 49 97 20 79 70 59 61 87 21 29 37 1 2 80 68 98 34 12 15 14 5 75 93 75 24 61 26 18 77 15 51 87 
6 58 67 38 92 81 99 31 86 99 85 79 36 93 62 70 68 57 13 85 36 8 11 37 62 56 36 41 11 87 24 43 30 49 63 53 37 26 17 5 59 49 51 99 14 25 37 43 84 25 11 74 37 59 68 55 63 31 92 78 18 32 75 66 97 19 79 47 40 38 94 88 96 98 8 65 100 17 11 56 30 93 32 90 87 3 76 91 88 87 98 93 88 49 61 44 47 77 66 49 
37 27 17 25 18 29 42 10 11 17 29 50 39 27 11 85 6 55 80 5 23 80 30 49 43 45 27 67 92 16 33 66 89 99 92 4 23 14 78 43 71 12 72 33 17 71 11 25 78 56 81 93 79 78 28 55 51 7 11 85 42 98 81 48 24 40 18 95 45 90 89 61 41 4 42 73 78 29 12 16 57 76 76 87 7 93 76 54 3 4 29 95 98 90 77 89 89 65 11 76 
66 83 80 60 24 28 76 62 26 34 70 32 78 8 27 96 27 25 5 22 44 72 48 56 75 38 89 76 63 6 9 57 19 81 54 11 62 94 70 14 90 4 78 27 45 56 38 60 29 91 26 97 68 34 97 66 37 56 70 36 20 5 91 8 35 96 40 13 43 94 16 17 90 64 24 99 86 3 8 39 61 88 98 77 44 100 49 42 56 70 93 74 43 74 59 13 44 48 12 80 
60 23 56 68 17 67 39 55 22 66 8 25 49 40 78 31 75 70 90 54 37 59 34 27 90 48 84 89 56 34 1 98 66 13 4 61 20 86 83 63 71 85 70 4 33 85 46 5 90 26 91 57 52 89 53 17 98 29 42 63 13 7 76 74 65 5 28 59 89 93 52 18 13 52 92 33 100 45 34 46 33 64 7 42 86 18 92 21 51 53 99 13 86 98 84 85 49 30 45 20 
33 98 99 43 54 39 39 13 46 13 85 17 73 20 23 81 98 86 13 53 100 38 87 60 69 29 5 27 73 4 44 98 79 29 74 94 14 29 93 87 56 9 14 92 25 34 55 33 50 12 62 8 48 73 14 14 13 24 20 74 14 83 25 19 32 36 56 23 33 48 91 69 37 78 25 96 10 19 93 16 6 91 70 73 78 28 58 58 78 70 92 12 87 41 86 47 56 57 77 49 
65 89 31 1 48 6 30 18 25 85 43 23 64 95 88 18 93 18 22 93 92 55 19 42 53 68 46 88 37 96 25 25 82 66 72 88 36 7 60 11 20 68 11 42 98 48 84 95 96 5 74 56 85 62 75 35 21 37 55 29 13 77 91 10 33 13 81 31 64 92 25 89 37 38 15 2 62 17 68 82 37 81 86 89 26 69 35 74 25 17 84 7 49 75 89 41 8 89 61 80 
52 3 47 36 15 97 58 92 53 18 75 11 85 69 35 41 86 19 7 15 79 41 10 75 41 82 72 92 48 87 64 42 56 24 62 53 100 64 77 29 97 10 84 20 27 56 91 13 66 42 28 16 31 96 54 74 27 14 63 4 56 78 34 8 26 46 86 72 3 61 20 25 78 13 15 59 73 33 21 96 33 43 18 75 18 4 20 73 8 17 37 60 42 54 14 10 95 97 77 73 
88 33 5 16 59 74 75 47 82 54 61 80 38 66 67 66 44 87 7 63 23 78 6 79 68 62 90 54 94 24 61 27 22 99 45 4 88 23 72 53 81 49 18 58 93 37 82 100 61 4 93 28 39 8 73 8 12 96 36 46 21 44 30 75 14 34 34 35 81 97 1 41 79 89 79 61 95 17 25 63 44 11 55 93 72 72 98 78 57 36 41 34 21 2 98 56 36 86 98 72 
92 75 34 99 32 44 48 93 10 59 94 3 72 74 34 85 58 39 93 23 32 11 71 21 14 81 5 71 3 83 19 72 40 89 82 57 19 8 32 57 24 29 79 26 20 38 46 14 74 57 53 42 12 87 89 29 58 69 61 48 47 96 44 2 8 64 82 71 79 7 19 38 23 28 40 87 83 44 91 91 44 37 84 76 88 99 72 55 31 85 14 2 47 55 58 2 52 85 15 83 
16 6 84 7 70 50 73 14 62 59 46 37 20 44 18 92 9 88 21 15 23 59 87 84 7 62 23 98 41 20 39 49 35 99 64 29 30 64 43 49 35 100 86 95 56 77 89 3 23 31 82 85 27 33 98 60 39 34 82 73 57 58 30 70 96 92 26 12 1 11 40 92 41 26 52 74 3 91 27 38 59 72 99 87 20 22 6 75 12 21 96 36 15 95 24 96 39 26 23 19 
9 66 21 67 48 74 78 16 89 71 40 24 29 61 26 48 25 89 62 3 90 35 79 36 32 58 13 77 14 71 55 3 8 5 53 81 30 41 57 38 26 8 52 73 70 75 74 2 45 40 4 12 27 25 45 95 37 77 16 89 10 27 27 83 53 72 46 34 41 79 73 28 58 1 61 81 62 63 48 10 86 57 71 17 70 90 23 74 63 49 72 28 61 74 78 63 35 85 78 94 
67 43 78 78 22 66 40 24 14 11 43 26 52 58 32 56 53 76 30 70 54 81 32 62 30 41 90 74 1 97 10 72 90 94 31 86 74 26 45 84 24 22 63 62 94 18 4 67 40 35 98 95 4 33 3 47 68 31 89 83 94 61 36 65 27 18 33 14 6 14 59 90 43 17 21 31 4 33 85 5 23 87 57 42 73 7 61 7 100 98 3 35 85 21 64 9 73 97 41 66 
59 58 21 74 100 90 43 76 60 99 98 18 23 63 64 41 66 83 72 51 59 92 86 90 42 70 54 75 76 70 10 20 17 30 33 86 82 57 94 64 95 97 35 5 53 100 66 87 82 61 26 91 87 12 34 65 52 20 88 48 55 47 89 50 58 15 23 93 18 63 42 62 42 19 32 27 29 21 54 46 95 55 31 49 89 22 90 99 93 61 87 12 76 63 91 86 76 31 94 39 
62 13 56 58 1 9 67 81 32 34 48 98 75 48 79 64 24 33 61 4 79 19 11 38 68 87 16 49 47 59 26 36 41 66 66 72 34 32 66 80 28 27 32 32 75 2 81 18 6 7 65 99 35 48 49 67 39 51 94 53 37 34 19 44 45 76 79 30 82 75 89 17 46 47 3 73 88 83 21 95 74 63 27 8 45 52 98 12 12 26 23 72 70 16 13 8 29 84 65 89 
1 1 43 36 8 97 89 65 82 96 21 27 55 9 26 92 21 27 27 92 55 90 79 24 69 64 15 88 27 72 78 1 73 57 59 63 42 70 88 6 29 71 78 31 24 31 9 8 77 58 48 42 98 83 23 91 1 76 78 73 87 94 25 26 74 91 91 60 7 36 60 58 13 87 4 85 56 75 42 36 78 60 62 25 88 34 71 14 72 61 64 88 78 48 50 46 13 33 98 13 
34 35 59 76 5 45 32 74 16 96 14 91 51 21 5 3 24 5 96 87 42 16 82 30 43 77 12 71 8 61 93 80 15 4 52 34 68 83 92 8 76 9 39 22 66 59 71 97 57 95 17 34 9 44 6 20 80 44 67 91 71 61 32 80 40 99 3 5 27 19 63 51 60 2 89 80 15 6 48 71 70 39 36 2 40 86 21 95 22 75 76 49 23 62 9 39 99 69 37 66 
9 60 83 13 99 11 25 77 91 5 40 10 93 5 20 73 99 36 71 70 12 38 59 12 43 12 17 82 17 77 70 93 71 87 8 98 7 78 31 91 59 76 76 52 93 74 13 6 89 31 85 4 26 54 47 81 100 70 31 78 95 69 1 79 90 37 92 37 41 58 31 60 41 67 87 58 67 80 17 4 10 86 21 3 28 1 21 68 53 34 53 62 89 43 91 2 73 52 27 18 
44 30 69 28 15 5 29 24 12 15 76 86 6 89 87 47 32 69 69 15 16 55 50 51 19 72 68 85 18 91 31 36 58 10 28 64 35 59 88 76 48 68 45 29 45 82 73 46 2 89 70 32 13 99 37 8 84 32 78 90 60 15 37 70 28 64 10 94 50 71 84 26 16 52 85 13 53 25 83 71 41 7 77 59 26 55 44 74 41 78 62 39 25 71 23 83 89 15 24 95 
14 1 74 21 7 59 49 19 98 96 78 85 23 11 69 92 53 16 64 9 28 28 35 36 88 47 74 46 85 92 39 72 50 10 92 18 89 99 94 14 91 98 79 98 85 2 27 31 94 22 7 27 38 72 60 50 7 90 14 15 72 7 71 79 79 42 64 26 100 50 9 32 14 90 45 95 48 89 35 38 42 15 39 48 48 39 85 72 67 53 36 100 53 30 44 58 59 17 39 96 
16 100 1 13 45 92 26 67 90 12 81 79 84 42 18 45 50 64 85 14 91 65 85 6 89 23 1 42 17 49 90 72 83 14 3 88 63 47 73 96 58 74 9 89 53 37 89 76 52 93 32 86 75 67 97 30 9 75 15 33 67 70 54 60 100 40 5 34 78 99 29 24 7 59 7 61 94 72 44 6 14 100 49 95 70 98 10 77 39 9 37 32 11 28 13 69 26 93 85 90 
26 75 73 91 53 86 89 47 13 19 74 11 1 29 36 75 94 37 3 2 11 20 66 12 98 17 58 86 25 43 64 22 67 37 14 83 33 48 39 89 11 72 90 91 53 2 76 93 87 4 68 46 48 59 40 92 94 30 12 57 11 30 84 54 26 91 7 86 35 26 47 15 46 25 97 18 24 36 73 67 56 59 21 81 55 69 97 55 95 94 39 70 57 80 9 18 34 66 59 54 
20 23 12 78 73 49 19 56 89 32 19 79 43 75 58 81 30 33 67 78 57 25 95 23 11 37 47 37 52 78 98 90 99 97 95 38 19 14 46 78 39 69 81 55 21 13 21 42 80 86 11 80 34 15 33 29 31 51 15 92 44 49 38 56 77 94 24 66 35 87 27 82 88 33 97 86 28 5 88 60 71 37 47 19 16 2 28 91 98 70 18 28 55 59 36 64 24 25 45 27 
23 1 60 89 46 8 26 38 19 20 96 96 13 96 13 98 18 90 27 69 1 31 86 36 89 74 87 95 20 85 53 17 29 94 18 71 53 94 80 30 12 37 52 20 19 72 46 61 17 17 65 31 84 95 81 55 13 59 7 23 92 27 1 6 81 71 68 56 78 10 60 91 47 74 86 48 67 65 18 33 68 63 11 85 13 27 33 75 81 33 97 81 69 79 41 25 45 56 99 31 
9 78 11 6 11 53 78 72 18 89 85 16 50 29 21 12 64 56 52 28 76 13 82 63 35 34 15 14 80 66 100 85 30 27 18 86 60 2 78 90 54 10 19 38 51 21 89 30 92 26 87 76 46 30 13 41 20 76 85 5 82 96 25 29 86 6 76 59 13 29 26 78 96 63 68 18 9 19 12 76 24 42 8 9 90 65 93 9 50 37 39 57 15 79 23 2 94 8 71 71 
98 89 68 47 59 62 65 53 43 14 94 65 63 26 99 44 80 76 18 76 80 60 11 16 77 36 97 21 94 59 28 84 30 66 64 65 49 92 69 52 54 96 21 50 17 73 94 57 94 72 26 71 41 34 10 28 30 92 53 18 56 10 24 55 4 59 14 68 55 52 70 23 99 48 65 70 100 83 49 31 70 27 19 59 99 58 69 84 53 17 77 4 39 8 55 11 5 75 1 77 
33 95 21 23 20 42 74 88 9 38 85 40 85 36 27 46 12 39 75 17 67 6 32 95 79 89 12 9 91 46 37 50 46 59 70 37 17 49 8 66 83 93 43 48 28 21 30 92 81 14 47 84 81 12 11 85 37 96 25 37 50 49 25 100 76 88 88 83 4 39 7 78 28 81 36 61 92 83 96 80 41 68 77 75 81 8 75 21 70 57 31 12 72 78 77 51 7 72 55 48 
50 45 98 76 93 79 4 77 25 65 42 68 26 94 48 100 57 18 32 60 27 98 40 30 29 40 27 13 35 94 97 100 71 50 99 13 59 19 58 100 100 32 4 52 93 100 8 34 1 41 87 52 42 76 50 74 12 41 26 97 8 84 5 95 94 82 50 15 55 1 2 31 7 37 95 25 71 51 26 1 96 75 20 7 92 46 22 59 8 67 76 75 89 73 75 92 71 29 60 10 
49 15 63 52 90 92 3 77 41 80 57 58 66 63 73 61 65 88 39 18 74 58 96 42 72 11 91 56 68 7 12 91 40 96 93 31 48 97 12 25 97 57 80 76 23 81 66 33 17 79 5 35 78 2 97 72 26 53 32 63 54 60 12 80 59 31 98 72 27 7 51 4 81 61 36 32 2 25 79 26 33 64 42 16 51 93 91 72 59 44 35 74 97 23 97 64 97 91 37 6 
25 80 92 77 21 11 9 61 44 91 49 41 57 66 67 94 25 50 1 90 53 23 64 26 34 5 86 14 3 46 46 77 27 73 36 50 41 68 77 3 35 81 45 50 15 92 30 7 46 45 77 68 87 13 20 5 42 76 84 66 79 94 30 99 25 82 76 82 80 90 65 9 56 43 86 87 87 54 5 41 84 65 11 63 63 90 27 72 16 46 32 28 60 3 54 77 43 9 81 65 
31 16 84 52 59 26 46 33 78 98 57 27 1 94 94 42 73 48 16 85 3 51 60 69 30 62 72 44 21 10 50 81 32 43 48 16 10 14 73 82 15 98 18 86 70 28 46 9 32 33 57 97 68 82 55 89 31 3 67 100 34 18 32 94 79 54 35 22 73 94 82 58 74 35 64 34 24 40 37 79 28 81 20 58 88 21 7 32 69 88 23 86 8 55 43 25 48 12 93 64 
12 46 54 2 35 28 69 24 22 92 16 13 29 55 92 5 58 24 91 52 23 82 74 17 98 69 26 33 97 45 56 76 52 80 37 41 78 91 82 86 58 18 3 23 3 42 48 60 95 98 84 43 73 90 44 9 89 65 4 24 60 63 6 86 66 40 7 35 92 65 81 37 84 69 99 82 23 2 51 15 73 47 99 14 72 24 97 28 62 17 23 47 89 20 35 42 54 65 63 52 
58 48 17 24 94 42 55 68 1 68 96 86 48 93 71 73 97 98 30 32 56 93 12 33 31 35 11 70 70 59 59 79 87 86 47 23 10 76 83 42 64 7 33 32 31 85 42 68 77 19 37 19 9 37 65 69 34 28 17 16 59 80 55 87 20 14 59 8 60 37 5 14 36 8 70 6 21 64 15 74 60 26 97 79 65 67 62 27 36 57 28 10 59 79 32 5 25 72 52 68 
75 73 70 86 92 36 92 46 95 92 8 33 55 2 12 22 26 78 24 21 95 21 17 55 2 56 99 89 13 50 34 75 62 53 17 69 10 41 5 51 52 60 23 32 17 56 33 49 53 3 55 90 28 66 99 39 89 9 63 25 26 9 7 16 32 44 46 96 64 25 13 91 89 93 99 26 30 42 56 53 100 13 28 10 28 54 24 85 69 84 9 60 82 89 92 46 13 32 59 85 
74 71 48 54 89 20 98 38 41 40 6 96 8 25 31 78 46 84 72 15 84 17 10 93 42 40 21 49 98 86 66 16 99 91 14 89 90 26 54 18 41 63 80 63 63 91 62 57 27 36 85 83 32 1 57 28 44 84 27 72 5 82 77 42 83 79 90 48 69 9 57 31 1 64 56 47 60 23 69 61 44 31 9 2 66 67 19 61 91 1 5 38 45 73 63 56 81 34 37 9 
77 60 94 98 84 84 66 88 50 29 69 98 29 10 39 55 58 20 97 54 33 76 78 70 79 53 90 22 30 40 21 7 53 82 64 4 66 97 8 21 72 79 99 55 4 84 48 11 84 53 1 56 26 65 94 6 67 90 15 66 51 82 11 11 18 77 56 91 16 67 22 28 95 25 17 64 8 76 89 23 64 72 79 98 96 9 46 2 15 2 63 99 57 96 70 96 57 59 40 74 
16 75 79 3 64 4 10 80 8 23 74 39 39 58 48 29 28 5 84 99 58 65 98 57 91 30 30 12 46 9 98 90 57 77 78 81 78 70 26 23 54 49 60 68 36 72 60 4 14 18 24 55 72 73 59 55 98 96 56 3 84 29 91 18 3 86 10 92 29 38 16 96 72 7 1 63 81 45 30 15 98 34 95 10 31 22 64 55 10 42 45 57 71 26 4 52 19 40 35 37 
17 85 10 99 76 36 35 90 13 55 47 14 2 4 82 33 8 15 31 15 54 30 19 66 4 29 46 12 56 85 91 24 66 93 19 42 60 13 28 69 54 79 92 76 17 60 27 3 88 71 99 48 57 61 59 79 83 55 48 68 87 89 13 18 44 36 60 93 7 98 65 19 43 39 65 88 70 44 70 24 46 32 69 10 27 44 69 6 50 95 23 31 93 10 35 69 25 30 1 86 
65 67 39 38 20 75 80 50 80 10 89 50 37 47 56 65 30 3 84 34 74 47 32 27 46 97 74 20 66 48 4 31 21 45 32 37 69 41 57 98 53 61 63 98 58 53 35 92 93 88 21 26 51 46 21 80 99 73 47 62 40 23 21 32 56 35 94 50 50 13 51 31 85 46 16 31 25 65 45 34 22 9 13 25 90 46 49 29 40 79 77 50 37 56 41 100 34 84 10 25 
81 93 6 71 29 83 17 42 72 79 85 18 60 28 98 1 86 65 51 71 24 72 86 25 37 7 79 86 31 38 9 23 88 67 82 42 26 12 62 87 41 84 66 78 5 52 100 44 28 13 19 21 47 17 30 35 76 34 2 31 1 83 43 51 5 17 75 55 81 24 77 83 83 88 79 39 95 7 96 30 40 18 100 12 66 25 93 84 23 79 17 82 38 23 19 83 54 92 93 42 
58 51 46 28 99 7 81 51 14 5 60 98 36 17 76 67 88 30 26 55 66 34 42 78 44 96 27 51 52 48 7 7 70 40 25 54 26 69 74 71 62 74 6 34 87 66 39 55 48 72 43 92 48 10 34 50 56 35 78 19 23 87 27 38 76 7 22 4 51 89 45 22 24 30 59 59 84 72 71 63 39 48 26 62 13 61 62 77 99 100 10 43 17 75 83 52 99 51 92 59 
20 34 48 14 50 25 38 61 54 48 37 38 42 63 77 56 26 45 25 43 4 5 48 6 4 86 60 42 62 32 86 47 100 40 43 45 4 39 92 84 66 67 18 35 67 92 54 9 11 28 14 68 98 39 45 59 9 27 94 31 12 57 89 51 27 18 57 32 100 56 18 81 29 30 65 97 95 85 93 83 95 83 49 32 63 88 33 25 43 88 39 45 63 80 23 100 86 97 4 35 
4 83 88 81 56 86 72 12 60 65 39 77 27 85 87 43 81 29 79 23 52 68 5 98 70 87 69 1 33 78 94 55 87 95 75 94 82 42 13 82 50 31 46 60 19 77 57 25 79 55 19 1 83 77 94 3 53 22 51 94 77 30 44 3 78 35 95 99 4 88 46 79 35 56 42 17 22 71 22 46 15 44 89 93 11 46 89 52 90 80 2 88 52 65 72 30 46 71 11 24 
46 46 65 60 76 70 39 84 46 26 33 18 63 19 41 8 51 20 28 89 3 55 99 51 89 81 77 58 16 33 43 96 42 98 15 39 7 12 67 97 48 81 13 80 93 40 16 89 74 31 19 34 98 21 38 43 40 70 26 69 97 79 1 76 32 82 65 57 41 81 17 97 42 27 28 48 16 56 19 64 59 56 53 42 38 76 71 28 97 43 71 15 96 6 14 22 61 76 49 10 
12 61 19 25 6 86 74 4 14 4 88 59 65 79 91 22 72 64 49 20 99 11 48 1 77 11 55 89 59 23 83 71 45 48 33 98 48 66 62 82 43 89 45 70 58 18 66 84 37 42 14 59 46 57 11 79 27 40 67 16 78 50 18 99 82 20 97 40 30 1 1 82 30 9 100 83 18 36 74 27 43 48 18 51 62 16 2 4 80 21 20 8 47 79 34 92 17 82 3 74 
68 39 45 72 24 88 96 40 77 95 61 77 47 24 13 47 67 85 95 4 41 74 87 23 41 51 61 25 67 91 69 66 65 34 18 6 86 97 66 30 38 35 38 23 12 50 30 5 28 25 9 78 56 86 53 82 32 56 45 83 55 97 99 10 73 6 29 40 28 42 97 59 64 93 24 32 18 17 21 64 71 32 73 27 2 24 28 34 12 20 53 30 30 32 7 85 1 85 30 69 
32 73 70 56 34 70 95 51 74 96 4 88 93 32 17 82 39 59 50 77 38 32 49 5 40 61 43 46 60 39 42 94 33 8 26 46 53 98 34 77 4 50 22 90 91 33 2 67 9 81 30 3 43 100 51 54 42 20 83 24 20 89 9 24 98 82 92 26 73 46 5 76 59 31 44 35 17 39 75 87 73 79 50 96 61 81 55 48 27 75 78 95 94 9 35 3 4 90 98 51 
41 82 33 100 63 80 49 50 1 41 69 90 71 54 18 65 87 3 55 47 97 86 23 51 83 98 34 51 37 20 27 76 40 43 100 39 9 62 78 83 27 62 29 45 31 38 67 27 61 86 49 29 17 37 77 42 100 56 49 2 56 84 37 80 89 30 75 14 12 55 73 5 42 56 97 88 14 93 34 32 71 82 93 36 43 84 46 65 59 56 74 96 28 83 18 89 79 85 55 63 
11 96 37 91 71 66 7 96 62 29 100 6 57 68 39 47 44 72 48 35 22 17 69 25 99 28 28 72 66 70 18 27 82 49 28 43 27 32 60 52 35 8 62 86 64 8 73 11 90 69 29 47 21 86 38 44 38 20 5 54 84 62 71 44 49 86 67 1 32 12 68 47 91 74 92 65 22 11 27 69 81 13 64 26 81 71 88 17 96 90 99 72 49 3 63 98 12 14 15 23 
22 66 6 65 75 93 26 19 97 65 76 15 75 83 62 25 50 69 74 69 34 44 84 85 72 88 41 15 12 29 52 77 84 26 83 49 33 72 98 72 19 96 31 59 21 45 58 21 93 18 48 11 85 35 77 30 99 29 30 75 35 85 91 97 76 14 39 77 61 71 96 66 86 71 40 44 38 98 87 1 1 33 25 10 35 74 18 87 32 17 45 14 72 20 82 96 93 27 47 42 
46 59 10 54 11 73 41 99 70 54 49 74 11 8 75 59 33 15 64 61 63 3 95 61 94 79 61 87 66 6 70 93 51 63 30 79 68 36 68 99 41 75 11 54 62 2 94 65 63 2 57 89 13 57 49 75 80 51 61 98 81 82 58 91 71 7 61 1 57 73 90 69 89 37 64 40 94 13 93 20 81 40 59 10 34 75 45 34 8 94 70 32 38 34 91 82 22 78 18 57 
90 70 16 79 84 91 5 29 67 51 37 16 21 25 66 86 3 97 80 13 81 53 2 48 65 20 44 14 48 9 16 74 73 56 57 54 36 84 100 62 61 89 100 60 23 75 30 8 57 39 22 72 92 98 100 98 20 4 45 53 67 83 91 33 74 58 94 27 98 17 99 58 67 93 96 70 63 11 17 5 24 20 50 6 27 29 51 36 7 98 13 71 2 75 83 6 80 83 92 96 
1 43 56 7 33 20 7 9 95 70 23 11 47 90 1 3 34 14 24 21 34 3 100 37 89 87 26 40 34 78 57 3 85 6 78 69 73 26 12 30 97 14 26 45 62 34 11 44 12 11 9 33 88 14 2 89 67 22 93 8 71 61 82 28 84 53 40 85 56 88 34 97 100 33 38 10 64 91 25 94 83 29 61 99 57 28 45 65 30 62 82 23 15 44 70 57 46 47 88 30 
9 12 83 8 8 86 72 22 78 42 29 67 51 43 41 45 75 55 5 54 93 21 77 46 36 96 27 31 93 30 69 74 25 99 85 18 18 40 58 35 90 78 76 71 8 3 89 46 91 29 94 98 14 29 99 34 37 44 42 35 56 17 46 89 90 28 64 65 30 11 68 55 50 61 44 37 21 60 43 26 51 4 44 91 39 22 100 92 84 97 30 76 41 68 29 79 23 54 80 83 
47 7 94 24 45 42 36 96 12 36 69 72 78 6 99 67 25 22 55 66 48 100 11 57 82 26 75 62 99 13 85 35 98 38 58 31 46 31 94 22 45 35 86 35 67 41 98 79 48 80 93 27 68 13 67 83 59 43 71 88 22 33 87 74 68 50 5 82 50 39 10 96 58 35 10 20 22 88 67 8 53 18 2 2 62 11 37 51 63 77 48 5 15 2 2 80 15 99 29 42 
89 63 20 86 23 80 24 87 26 51 78 28 1 68 62 6 73 40 28 92 100 59 34 35 16 71 57 41 96 84 12 43 22 21 74 24 44 12 81 54 17 1 90 29 66 71 89 5 74 20 48 1 19 27 93 19 79 60 32 38 40 56 77 100 69 48 70 66 48 85 13 2 11 30 7 99 14 54 73 17 80 94 49 11 90 39 36 32 59 14 68 50 38 26 100 11 46 24 55 37 
54 61 24 92 29 59 55 37 54 26 15 93 47 98 85 40 34 42 23 77 39 31 77 13 34 90 52 72 25 92 88 27 18 87 69 20 22 63 52 27 68 63 49 85 58 90 96 68 26 84 59 30 80 87 79 75 74 92 7 47 12 12 17 51 55 69 47 38 78 81 73 81 8 87 25 64 16 64 51 39 27 99 68 86 59 28 79 27 20 65 89 38 19 43 40 29 48 39 32 17 
75 52 24 58 17 5 15 43 74 30 31 12 64 31 19 14 22 52 57 73 100 10 71 31 71 76 88 43 38 70 70 17 37 48 94 76 40 10 42 55 10 11 56 49 72 28 64 50 53 81 93 61 43 92 37 29 83 71 79 70 11 56 81 60 18 99 67 12 93 56 29 73 66 74 97 74 38 63 92 62 82 80 91 49 64 36 30 94 81 3 46 40 25 96 35 8 29 61 91 80 
76 64 66 86 80 75 65 9 95 60 52 60 27 25 42 42 98 87 82 34 27 95 61 1 18 91 32 21 77 87 67 74 43 70 72 66 95 27 39 76 97 64 37 36 57 19 49 31 30 57 28 34 44 96 26 47 10 68 98 20 55 7 89 79 73 92 29 20 39 19 89 59 66 12 54 91 71 61 46 72 71 6 98 68 31 53 32 32 41 80 91 81 91 22 31 20 29 54 16 7 
97 82 62 4 22 80 19 49 74 67 17 31 66 100 38 74 39 52 56 89 12 74 16 20 16 19 61 45 73 25 88 6 64 40 8 45 15 63 62 30 67 45 58 47 82 60 53 59 88 18 65 100 51 50 5 18 37 71 28 3 58 13 85 66 71 78 72 89 67 94 7 75 69 51 17 33 70 32 84 11 25 7 99 22 41 74 7 8 87 95 81 35 67 88 99 89 51 69 42 57 
15 64 61 42 56 22 35 50 95 98 46 25 61 36 26 94 81 42 42 23 20 96 78 50 88 9 48 75 4 68 75 54 59 83 66 7 65 96 84 59 33 15 51 73 33 35 37 75 45 23 46 57 55 79 24 5 28 30 12 45 17 90 95 51 59 54 81 53 98 91 34 21 15 77 38 33 55 95 50 13 53 13 43 8 80 50 81 61 89 51 29 75 67 29 78 36 62 20 74 88 
51 88 95 10 39 98 100 3 44 43 42 9 56 75 96 22 79 96 14 41 86 70 21 30 61 54 52 13 96 83 35 92 74 21 77 84 86 23 9 82 56 63 76 94 48 31 36 1 17 28 22 56 51 79 11 85 21 11 36 77 95 86 21 60 88 40 50 54 47 18 78 28 51 23 2 32 66 80 12 32 13 7 25 24 32 61 64 22 99 39 17 7 40 38 49 61 95 84 34 42 
8 7 22 92 28 9 48 14 80 78 63 16 26 75 84 87 79 6 82 53 25 38 21 37 19 99 43 6 63 76 6 7 13 79 86 32 76 61 86 68 50 46 67 54 51 81 98 18 61 50 82 95 80 5 3 81 1 12 94 73 74 15 84 32 53 45 48 32 100 94 9 71 27 50 12 61 41 83 99 86 7 40 16 96 80 54 11 21 61 74 3 26 23 4 2 32 3 27 72 89 
75 22 42 43 51 24 49 91 55 25 15 59 4 40 76 91 49 51 10 74 97 32 47 73 100 93 95 85 70 56 18 86 33 7 55 91 72 8 99 87 7 94 80 19 5 92 82 69 39 31 26 10 12 58 53 7 53 33 82 1 23 63 90 65 39 42 79 26 27 64 5 21 92 45 35 40 14 1 63 92 13 25 48 43 15 1 25 90 67 78 43 67 79 17 4 34 11 8 27 66 
90 74 32 88 86 6 99 93 9 62 79 23 47 44 41 8 11 12 34 82 40 12 90 72 17 26 89 75 37 60 33 83 16 99 48 81 92 62 42 89 9 87 55 95 84 84 55 21 46 12 97 74 57 76 38 38 73 38 22 56 67 78 82 61 90 60 9 34 36 99 43 60 99 13 88 21 53 68 68 59 49 50 3 82 48 45 90 79 86 60 81 43 4 13 51 6 29 68 79 11 
68 56 87 7 31 52 20 78 50 32 68 67 17 100 71 7 36 66 92 61 79 41 37 80 29 24 46 75 20 63 51 36 45 88 16 99 61 74 85 13 29 68 20 84 43 45 58 75 97 17 29 15 38 65 31 34 61 94 8 90 47 20 31 18 35 46 48 79 77 16 86 46 47 74 54 96 87 12 19 1 90 30 15 91 30 32 92 40 27 4 88 66 90 25 62 6 13 21 75 38 
27 89 23 36 88 79 21 50 63 54 47 76 42 62 18 57 82 49 16 27 34 88 13 78 10 2 32 82 10 4 4 82 41 54 82 100 46 97 44 36 40 58 63 79 66 79 15 85 56 73 85 24 60 23 49 25 40 5 65 20 100 34 17 48 29 83 87 2 88 14 72 43 3 1 88 13 36 91 59 79 22 33 94 52 11 64 9 38 8 1 56 3 5 89 97 62 98 85 88 39 
62 85 94 29 5 89 10 53 29 10 31 90 16 98 25 56 14 82 85 91 52 55 31 6 33 1 57 15 32 71 3 3 100 7 9 48 2 58 36 6 15 40 23 10 30 28 31 73 16 36 11 44 39 47 47 74 28 69 96 43 42 81 68 95 84 1 54 17 85 27 57 40 81 36 95 77 39 71 13 41 1 45 80 49 59 57 66 18 30 84 61 83 6 29 66 26 22 41 67 90 
51 43 57 95 85 67 20 61 96 40 58 92 25 44 56 7 34 36 60 31 36 57 15 62 88 86 96 29 44 84 83 86 41 48 60 43 43 83 69 33 12 26 45 11 21 86 93 70 11 15 73 94 95 35 66 62 61 36 5 34 27 84 12 51 21 78 61 6 70 38 41 50 2 68 19 15 62 3 96 53 8 33 26 21 33 54 63 10 48 24 20 56 22 100 28 14 93 35 50 87 
19 68 95 11 81 48 56 58 66 88 24 39 6 97 30 1 67 76 5 4 82 76 12 38 54 90 43 84 42 35 49 50 45 12 25 39 45 51 90 66 98 52 93 84 60 58 63 91 56 55 39 92 33 76 88 59 4 12 31 30 82 95 61 75 100 7 57 14 42 81 42 47 8 52 96 25 81 59 34 23 87 98 77 20 47 65 97 4 4 93 100 80 58 47 42 31 54 72 66 43 
12 90 31 86 67 16 1 50 53 11 48 31 58 11 26 13 16 77 64 28 13 41 52 79 49 50 10 82 13 63 6 92 29 28 18 83 10 4 78 75 76 55 25 27 33 12 88 79 36 50 60 41 60 25 57 64 67 5 49 99 96 68 42 55 89 87 73 56 17 53 73 94 32 41 26 70 66 10 50 24 40 45 1 40 61 85 99 35 59 36 89 77 18 2 95 64 33 67 71 15 
42 74 59 61 91 75 100 71 2 77 80 78 82 25 59 28 60 54 38 75 32 19 86 66 11 31 65 86 41 28 3 18 12 48 3 77 47 90 68 15 6 25 33 94 94 5 24 20 43 37 9 60 42 58 22 77 86 13 43 46 10 46 22 85 46 36 39 85 86 69 91 44 42 20 48 90 54 38 25 75 98 2 61 83 74 53 76 74 34 28 60 61 77 11 28 21 17 24 14 7 
60 71 77 73 86 20 54 87 90 33 39 48 88 68 54 22 42 59 53 52 17 84 57 70 95 25 21 89 93 69 56 84 46 21 3 66 97 68 66 36 47 48 1 91 96 37 8 2 94 47 2 40 46 18 1 35 73 99 25 42 47 24 36 8 51 77 24 11 78 78 41 29 37 38 90 66 40 93 5 29 88 89 72 18 30 68 63 53 28 44 54 78 31 72 76 73 41 47 55 57 
67 7 3 80 91 50 17 84 24 71 27 66 60 94 79 81 83 12 68 87 27 4 58 94 11 55 87 96 50 46 74 45 17 49 51 37 24 18 34 12 6 17 95 77 84 65 19 35 45 38 54 94 81 8 10 13 65 65 81 8 17 69 49 76 5 84 18 68 86 56 31 53 1 34 94 25 6 95 45 7 38 52 63 36 55 98 64 8 77 72 38 41 69 58 62 43 7 83 3 21 
74 64 56 53 33 38 97 19 92 21 59 44 59 52 41 46 48 81 84 81 32 94 62 7 45 39 94 38 24 90 87 74 41 19 37 88 75 22 63 49 86 54 77 87 72 82 49 74 89 24 81 46 62 12 43 81 37 98 75 24 65 17 51 28 65 40 41 13 87 49 4 95 26 61 38 97 2 99 55 61 76 39 57 13 43 75 83 38 20 13 24 59 30 76 69 35 46 70 80 15 
60 93 92 99 21 43 27 73 22 50 70 52 85 35 84 89 35 78 56 20 42 38 91 16 26 61 30 49 74 99 56 11 38 5 61 10 45 97 4 64 41 57 29 78 69 69 29 20 7 43 26 56 79 89 70 60 67 19 33 8 41 39 21 99 16 34 46 30 71 70 59 42 99 89 81 55 97 77 64 50 90 91 4 27 90 69 94 97 46 65 76 75 96 37 68 71 81 89 9 29 
8 96 67 11 45 99 61 86 17 91 60 74 64 36 28 73 71 86 83 71 43 37 46 2 10 92 63 3 100 99 33 86 22 40 60 19 25 98 65 44 29 61 6 84 17 29 70 57 78 100 32 33 30 21 6 59 34 61 25 47 34 64 41 36 98 33 62 64 79 97 100 7 4 88 2 86 39 93 27 55 11 51 2 42 52 93 6 58 25 64 68 37 77 42 96 71 80 98 6 74 
53 4 83 33 29 57 3 51 5 21 58 90 98 26 26 28 90 44 97 65 27 6 6 20 64 64 95 69 44 54 20 47 59 72 23 44 36 16 60 1 31 8 18 76 60 92 27 60 36 46 4 28 41 80 12 88 21 33 47 16 22 76 64 73 62 19 33 69 22 8 38 77 60 48 72 61 69 29 54 49 80 75 84 16 92 90 5 90 85 33 9 29 23 55 22 19 72 95 89 12 
40 73 10 58 8 9 73 65 8 92 43 83 17 6 47 79 76 92 91 34 13 73 12 14 26 19 58 71 68 61 64 49 13 90 64 49 49 29 66 26 88 49 65 13 88 40 22 8 10 60 27 58 55 23 69 88 17 28 84 90 79 65 3 3 84 34 24 27 25 62 68 91 88 11 58 21 13 19 58 42 86 70 94 69 71 98 59 59 63 42 46 33 90 87 97 78 64 71 57 8 
11 56 87 19 77 86 25 99 16 94 98 83 76 93 83 27 20 16 36 60 88 76 37 88 11 27 38 58 25 93 76 88 43 69 71 98 49 34 46 64 52 21 4 85 63 97 62 26 74 61 45 60 63 93 85 34 31 8 27 75 44 99 24 94 94 2 64 28 100 7 89 82 73 88 65 76 74 68 72 62 2 91 66 30 34 39 28 9 89 64 44 27 14 84 43 62 18 78 62 37 
